1. 검출된 기술자 개수= 1584개
2. 검출된 기술자 마지막 8개 (그보다 적을 경우 일부 출력되지 않음)
0.00000 0.00000 0.00000 0.62848 0.37152 0.00000 0.00000 0.00000
0.00000 0.00000 0.00000 0.00000 0.00000 0.00000 0.00000 0.00000
0.00000 0.00000 0.00000 0.00000 0.00000 0.00000 0.00000 0.00000
0.00000 0.00000 0.01110 0.70446 0.11875 0.10855 0.05714 0.00000
0.00000 0.00000 0.00000 0.52724 0.47276 0.00000 0.00000 0.00000
0.00000 0.00000 0.00000 0.00000 0.00000 0.00000 0.00000 0.00000
0.00000 0.00000 0.00000 0.00000 0.00000 0.00000 0.00000 0.00000
0.00000 0.00000 0.00000 0.00000 0.00000 0.02668 0.97332 0.00000
0.00000 0.00000 0.00000 0.00000 0.00000 0.34965 0.65035 0.00000